320 240
3 3 6
297.446	0	158.869	
0	296.736	118.195	
0	0	1	
1 5 6
0.214535	-1.35678	-0.000381522	0.00015072	2.38395	
25
3 1 6
0.213015	
0.430779	
-1.52133	
3 1 6
0.2306	
-0.203391	
0.974306	
3 1 6
0.281858	
-0.180586	
0.424147	
3 1 6
0.0295817	
-0.719532	
0.0317787	
3 1 6
-0.175271	
-0.569503	
-0.0148308	
3 1 6
-0.555744	
-0.496743	
-0.512273	
3 1 6
-0.516414	
-0.575204	
-1.42419	
3 1 6
-0.0567002	
0.760014	
0.124474	
3 1 6
-0.0157977	
0.759414	
-0.186267	
3 1 6
0.00166272	
0.577286	
-0.533795	
3 1 6
0.10896	
0.50004	
-1.24398	
3 1 6
0.213091	
0.545857	
-1.45969	
3 1 6
-0.210684	
0.0191275	
-1.51134	
3 1 6
0.221386	
0.53657	
-0.607951	
3 1 6
0.0332574	
0.0976518	
0.0774347	
3 1 6
-0.0356409	
-0.71695	
-0.0581745	
3 1 6
0.72059	
0.397576	
-0.147032	
3 1 6
0.639174	
0.385927	
-0.131966	
3 1 6
0.533686	
-0.355215	
-0.687271	
3 1 6
-0.654774	
-0.333281	
-1.3792	
3 1 6
-0.282219	
-0.00998974	
0.0271257	
3 1 6
-0.186647	
0.434855	
-0.071493	
3 1 6
-0.29091	
-1.04913	
-0.0382503	
3 1 6
-0.489305	
0.825856	
1.54111	
3 1 6
0.555278	
0.115488	
0.0174313	
25
3 1 6
-2.75879	
8.66788	
47.6622	
3 1 6
-0.946829	
-15.942	
46.0031	
3 1 6
-5.14994	
-15.3773	
44.9489	
3 1 6
-11.4068	
-6.89241	
33.8327	
3 1 6
-10.7371	
-12.711	
39.079	
3 1 6
-6.8778	
-1.51603	
35.9155	
3 1 6
-8.19227	
7.16728	
25.9498	
3 1 6
-0.0559277	
-8.70022	
44.4298	
3 1 6
-1.46324	
-7.18309	
45.4381	
3 1 6
-3.71432	
-4.7702	
50.0638	
3 1 6
-3.79634	
1.85203	
52.1157	
3 1 6
-6.25315	
3.60924	
52.0588	
3 1 6
-3.98464	
11.9818	
46.3664	
3 1 6
-5.42579	
1.70807	
50.7011	
3 1 6
-4.92398	
-5.93299	
41.8944	
3 1 6
-12.5298	
-7.42093	
31.6241	
3 1 6
-8.07212	
-7.96696	
39.0583	
3 1 6
-7.10991	
-8.70808	
39.858	
3 1 6
-9.54956	
1.2141	
34.5104	
3 1 6
-1.07969	
8.56921	
38.5193	
3 1 6
-10.5858	
-5.38742	
28.9771	
3 1 6
-11.479	
-3.58628	
48.0911	
3 1 6
-9.67185	
-7.28977	
24.409	
3 1 6
8.79324	
-5.7568	
37.4481	
3 1 6
-9.35405	
-10.002	
28.6688	
# ROBO'LYON CAMERA CALIBRATION DATA -FIRST 2019- #
# SES DONNEES SONT DESTINEES A : ROBOT DE COMPETITION / CAMERA AVANT (côté pince)
# Video Reference Screen Size:320x240
