320 240
3 3 6
288.876	0	162.448	
0	289.286	119.156	
0	0	1	
1 5 6
0.38316	-2.30459	0.00523301	0.00521453	3.90651	
25
3 1 6
0.395424	
-0.298302	
1.48938	
3 1 6
0.429069	
-0.667642	
0.958575	
3 1 6
0.251394	
-0.343535	
0.377344	
3 1 6
0.0613888	
-0.484411	
0.0183616	
3 1 6
-0.0689298	
-0.96846	
-0.26035	
3 1 6
-0.799232	
-0.720515	
-0.966345	
3 1 6
-0.836833	
-0.708728	
-1.28658	
3 1 6
-0.60447	
0.80467	
1.01307	
3 1 6
-0.580134	
0.457822	
0.433928	
3 1 6
-0.142343	
1.09147	
0.004876	
3 1 6
-0.24121	
0.996473	
-0.22461	
3 1 6
-0.0177818	
0.738526	
-0.562358	
3 1 6
0.24804	
0.35817	
-1.476	
3 1 6
-0.138883	
0.0597811	
-0.0113643	
3 1 6
0.00820081	
0.796918	
-0.741985	
3 1 6
-0.80935	
-0.688611	
-1.2769	
3 1 6
-0.0971116	
0.86423	
-1.3446	
3 1 6
-0.00273315	
-0.907737	
1.46104	
3 1 6
-0.305852	
-0.205117	
-1.47714	
3 1 6
0.322851	
-0.359781	
1.34569	
3 1 6
0.201237	
-0.367901	
0.909126	
3 1 6
0.154349	
0.479542	
0.492362	
3 1 6
-0.0871977	
0.00322774	
0.0559829	
3 1 6
-0.773514	
0.150862	
-0.233315	
3 1 6
-0.265787	
0.297109	
0.497957	
25
3 1 6
8.40065	
-10.9075	
38.6988	
3 1 6
-2.82152	
-10.5547	
30.9043	
3 1 6
-11.6456	
-13.1076	
37.498	
3 1 6
-17.4685	
-9.59644	
35.5761	
3 1 6
-12.4745	
-5.86805	
23.7432	
3 1 6
-15.5263	
5.23565	
30.5989	
3 1 6
-8.93156	
9.16446	
30.3543	
3 1 6
8.50579	
-5.20205	
46.6135	
3 1 6
-0.5765	
-5.93761	
47.2106	
3 1 6
5.74669	
-6.13362	
49.3343	
3 1 6
1.67469	
-5.05104	
49.2083	
3 1 6
-4.84488	
-3.50234	
49.8657	
3 1 6
-3.85262	
6.91927	
40.6946	
3 1 6
-8.52567	
-4.52723	
37.8668	
3 1 6
-5.37643	
3.98195	
43.653	
3 1 6
-8.9839	
6.02868	
24.6522	
3 1 6
0.017345	
7.38931	
41.5496	
3 1 6
4.99156	
-9.38234	
26.5424	
3 1 6
-3.02493	
14.476	
49.3582	
3 1 6
4.50934	
-9.34598	
29.0558	
3 1 6
6.13467	
-11.2553	
37.0076	
3 1 6
-0.0893703	
-11.3413	
42.8901	
3 1 6
-11.0563	
-7.81492	
29.4403	
3 1 6
-8.81924	
2.62835	
43.5656	
3 1 6
-5.60637	
-12.0732	
36.4204	
# ROBO'LYON CAMERA CALIBRATION DATA -FIRST 2019- #
# SES DONNEES SONT DESTINEES A : ROBOT DE COMPETITION / CAMERA AVANT (côté pince)
# Video Reference Screen Size:320x240
