640 480
3 3 6
799.196	0	325.714	
0	798.783	260.493	
0	0	1	
1 5 6
0.0388023	0.296861	-0.00300067	0.000840951	-1.98235	
30
3 1 6
0.0434486	
0.153908	
0.0166536	
3 1 6
0.636989	
0.143442	
0.0738341	
3 1 6
0.822337	
0.0195785	
0.139175	
3 1 6
0.623197	
0.0850819	
0.447044	
3 1 6
0.432032	
0.1457	
1.32653	
3 1 6
0.0836876	
0.976824	
1.60353	
3 1 6
-1.05004	
-0.124083	
-0.900385	
3 1 6
-1.07879	
-0.0683777	
-0.480272	
3 1 6
-1.11663	
-0.142955	
-0.111451	
3 1 6
-0.998276	
-0.225764	
0.515988	
3 1 6
-0.967441	
-0.347173	
0.913793	
3 1 6
0.18419	
-1.0411	
-1.57529	
3 1 6
0.537758	
-0.911397	
-1.11083	
3 1 6
0.775255	
-0.820452	
-0.0352219	
3 1 6
0.724066	
-0.429346	
-0.0733193	
3 1 6
0.280795	
-0.450854	
-0.459669	
3 1 6
-0.577285	
-0.92547	
-0.705197	
3 1 6
-0.807926	
0.884857	
0.823693	
3 1 6
-0.740911	
0.781444	
1.43252	
3 1 6
0.816927	
0.893769	
-1.34599	
3 1 6
0.426188	
-0.55131	
0.452199	
3 1 6
1.00818	
-0.381821	
0.426221	
3 1 6
-0.0371771	
-0.285002	
-0.251404	
3 1 6
0.37491	
0.112289	
-0.184804	
3 1 6
0.0336744	
-0.208215	
-0.08067	
3 1 6
0.069996	
-0.702535	
0.0922346	
3 1 6
0.214779	
0.15294	
-0.0265113	
3 1 6
0.31106	
0.0425118	
0.00585808	
3 1 6
0.233072	
-0.215781	
-0.116888	
3 1 6
0.920727	
-0.902635	
0.719896	
30
3 1 6
-10.1085	
-9.30984	
59.1119	
3 1 6
-13.1965	
-19.1725	
62.8274	
3 1 6
-6.5387	
-18.4868	
63.3817	
3 1 6
2.08443	
-20.4575	
68.3506	
3 1 6
21.5872	
-12.6193	
74.9208	
3 1 6
24.294	
-4.88249	
74.9648	
3 1 6
1.31839	
12.8599	
71.2784	
3 1 6
-3.36895	
10.217	
71.8092	
3 1 6
-14.2978	
5.78525	
71.0094	
3 1 6
-16.3524	
-1.48831	
72.9466	
3 1 6
-16.2816	
-8.0205	
74.0671	
3 1 6
-18.7746	
4.55375	
58.7258	
3 1 6
-21.9139	
-1.99629	
62.3408	
3 1 6
-22.0527	
-12.939	
57.6751	
3 1 6
-20.3964	
-16.5674	
66.0051	
3 1 6
-15.3486	
-7.73864	
57.2304	
3 1 6
-9.62205	
-2.77288	
28.4676	
3 1 6
1.65955	
-4.91337	
47.3456	
3 1 6
2.56688	
-6.91598	
48.2915	
3 1 6
-13.2577	
-0.136478	
59.2196	
3 1 6
-13.0343	
-9.60477	
49.8656	
3 1 6
-12.3776	
-5.33292	
44.7797	
3 1 6
-15.4321	
-5.56155	
43.9454	
3 1 6
-6.75224	
-13.2974	
81.5536	
3 1 6
-23.4573	
-18.8384	
62.5896	
3 1 6
7.60934	
-17.1433	
65.0028	
3 1 6
1.50198	
-18.338	
65.2246	
3 1 6
1.96159	
0.334902	
61.937	
3 1 6
-19.8044	
0.319663	
51.1214	
3 1 6
6.84178	
-17.4146	
66.3009	
# ROBO'LYON CAMERA CALIBRATION DATA -FIRST 2019- #
# SES DONNEES SONT DESTINEES A : ROBOT D'ENTRAINEMENT / CAMERA AVANT (côté pince)
# Video Reference Screen Size:640x480
