320 240
3 3 6
386.965	0	154.714	
0	386.501	124.067	
0	0	1	
1 5 6
0.121457	-0.626522	-0.00645506	-0.00573488	0.698833	
30
3 1 6
0.272655	
-0.204494	
1.53589	
3 1 6
0.233475	
-0.0418614	
-1.31341	
3 1 6
-0.216395	
0.520603	
-1.53187	
3 1 6
0.76828	
0.301094	
1.08392	
3 1 6
-0.573972	
0.766332	
-1.35844	
3 1 6
-0.457482	
0.710077	
-0.462552	
3 1 6
-0.702866	
0.258273	
-0.247681	
3 1 6
-0.846597	
0.284238	
-0.0819825	
3 1 6
-0.42198	
-0.222009	
0.423834	
3 1 6
-0.377495	
-0.344996	
1.31408	
3 1 6
0.667017	
0.151645	
-0.716961	
3 1 6
0.435355	
-0.0895605	
-0.25233	
3 1 6
0.492159	
-0.338488	
-0.0774743	
3 1 6
0.0905478	
-1.1774	
-0.0292731	
3 1 6
0.110638	
-0.759918	
0.0249267	
3 1 6
-0.00571763	
0.120326	
0.107998	
3 1 6
-0.0403777	
0.828965	
0.100516	
3 1 6
-0.0622477	
1.0785	
0.175718	
3 1 6
-1.02259	
0.0242146	
-0.0218971	
3 1 6
0.626131	
0.0825251	
0.0399709	
3 1 6
0.315791	
-0.477091	
0.118588	
3 1 6
0.129459	
0.0291001	
-0.0403479	
3 1 6
0.0240283	
0.867519	
-0.0901759	
3 1 6
-0.586634	
-0.520421	
0.666854	
3 1 6
-0.166719	
0.442726	
0.741724	
3 1 6
-0.71674	
0.49894	
0.960279	
3 1 6
-0.745239	
0.635248	
1.20277	
3 1 6
0.954727	
-0.652983	
1.322	
3 1 6
-0.117543	
-0.206209	
1.48881	
3 1 6
0.0602671	
-0.0125106	
1.50506	
30
3 1 6
7.59125	
-16.0549	
57.6545	
3 1 6
-3.03126	
2.43879	
60.4156	
3 1 6
6.1901	
4.10876	
65.5467	
3 1 6
13.6111	
-14.073	
53.2923	
3 1 6
7.02041	
7.83809	
63.8331	
3 1 6
4.97356	
4.00301	
72.6888	
3 1 6
-2.29474	
4.21708	
69.7201	
3 1 6
-7.19636	
4.48028	
72.5404	
3 1 6
-14.6429	
-6.72829	
63.4139	
3 1 6
-8.16911	
-14.6968	
63.9685	
3 1 6
-20.5799	
-1.78938	
57.2587	
3 1 6
-12.7009	
-10.7739	
56.6286	
3 1 6
-0.678702	
-11.7901	
49.1426	
3 1 6
-6.8137	
-8.50343	
34.2737	
3 1 6
-10.7922	
-9.26506	
40.8223	
3 1 6
-12.3368	
-8.72549	
48.819	
3 1 6
-4.91212	
-9.17299	
54.3618	
3 1 6
-4.93239	
-10.082	
52.6902	
3 1 6
-10.1283	
1.21703	
45.4288	
3 1 6
-12.4799	
-14.8717	
58.7541	
3 1 6
-5.81628	
-9.73426	
34.2489	
3 1 6
-20.1937	
-9.75938	
74.3403	
3 1 6
-16.6408	
-7.82113	
74.4236	
3 1 6
-4.55321	
-12.8361	
47.4225	
3 1 6
-5.31967	
-13.1134	
52.9278	
3 1 6
0.184603	
-11.882	
45.3668	
3 1 6
1.97753	
-9.89338	
40.435	
3 1 6
8.46357	
-3.94803	
24.0191	
3 1 6
14.354	
-11.5358	
39.4912	
3 1 6
4.28019	
-9.65342	
40.6667	
# ROBO'LYON CAMERA CALIBRATION DATA -FIRST 2019- #
# SES DONNEES SONT DESTINEES A : ROBOT D'ENTRAINEMENT / CAMERA AVANT (côté pince)
# Video Reference Screen Size:320x240
