640 480
3 3 6
567.87	0	321.976	
0	523.101	220.096	
0	0	1	
1 5 6
-0.073821	0.321307	-0.00347909	-2.00522e-05	-0.458252	
25
3 1 6
-0.858998	
0.168699	
-0.0113506	
3 1 6
0.400507	
-0.0884672	
-0.013915	
3 1 6
-0.0596345	
-0.0497209	
0.00699747	
3 1 6
0.146348	
0.538924	
0.0701489	
3 1 6
-0.209731	
-0.572782	
0.198251	
3 1 6
-0.571963	
-0.861327	
0.0206032	
3 1 6
-0.837055	
-0.838096	
-1.26716	
3 1 6
-0.764909	
0.766142	
1.19334	
3 1 6
0.369486	
0.5419	
0.0840118	
3 1 6
0.373687	
0.348674	
-0.195486	
3 1 6
0.703613	
0.303341	
0.284196	
3 1 6
-0.11499	
0.700384	
0.0134112	
3 1 6
-0.184466	
-0.826606	
0.185984	
3 1 6
-0.151226	
0.0191926	
0.101592	
3 1 6
-0.368483	
-0.490916	
-0.780962	
3 1 6
0.548772	
0.344024	
-0.732114	
3 1 6
0.634622	
0.14374	
-0.315322	
3 1 6
-0.832499	
-0.28933	
-0.718792	
3 1 6
-0.589404	
0.369428	
0.593067	
3 1 6
-1.01497	
-0.0184328	
0.408311	
3 1 6
-0.524551	
-0.259323	
-1.42301	
3 1 6
-0.696482	
-0.204742	
0.013416	
3 1 6
0.628884	
-0.0815837	
0.200538	
3 1 6
-0.999797	
0.125418	
0.0199971	
3 1 6
-0.359354	
0.785837	
0.109397	
25
3 1 6
-15.7533	
6.89481	
51.972	
3 1 6
-13.9571	
-10.6677	
33.776	
3 1 6
-12.9341	
-6.01002	
35.2665	
3 1 6
-1.35552	
-6.53323	
43.3473	
3 1 6
-16.8664	
-4.39381	
40.7286	
3 1 6
-13.6934	
-0.809086	
33.704	
3 1 6
-13.1411	
12.4376	
33.4694	
3 1 6
11.331	
1.24544	
50.3062	
3 1 6
-1.50984	
-11.4156	
42.4432	
3 1 6
-3.46639	
0.836741	
39.2249	
3 1 6
-19.9308	
-10.2362	
36.9505	
3 1 6
-23.3066	
-1.92375	
50.4063	
3 1 6
5.49882	
-4.01722	
30.6466	
3 1 6
-10.707	
-11.2495	
53.955	
3 1 6
-15.052	
1.83554	
41.9833	
3 1 6
-13.3299	
2.87339	
45.6172	
3 1 6
-5.75678	
-2.11857	
39.3447	
3 1 6
-9.90254	
4.7528	
33.2782	
3 1 6
-1.14592	
-5.61383	
47.9556	
3 1 6
-2.53402	
-2.71553	
39.0867	
3 1 6
-6.98296	
12.0715	
29.7702	
3 1 6
-8.28701	
1.66059	
42.8628	
3 1 6
-18.2014	
-4.17982	
47.3305	
3 1 6
-3.15796	
1.40276	
63.6858	
3 1 6
6.23054	
6.6015	
63.7022	
# ROBO'LYON CAMERA CALIBRATION DATA -FIRST 2019- #
# SES DONNEES SONT DESTINEES A : ROBOT D'ENTRAINEMENT / CAMERA AVANT (côté pince)
# Video Reference Screen Size:640x480
